F1_micro: 0.5218181818181818
F1_weighted: 0.5491566717769364
