F1_micro: 0.3951573849878935
F1_weighted: 0.34900608624675433
