F1_micro: 0.5298245614035088
F1_weighted: 0.5575159777669149
