F1_micro: 0.40376569037656906
F1_weighted: 0.3535703745753492
